0.00342298
0.00342491
0.00342717
0.00342974
0.00343264
0.00343586
0.00343941
0.00344328
0.00344747
0.00345199
0.00345683
0.003462
0.0034675
0.00347332
0.00347946
0.00348594
0.00349274
0.00349987
0.00350733
0.00351512
0.00352324
0.0035317
0.00354048
0.0035496
0.00355905
0.00356883
0.00357895
0.00358941
0.00360021
0.00361134
0.00362281
0.00363462
0.00364678
0.00365927
0.00367211
0.0036853
0.00369883
0.00371271
0.00372693
0.00374151
0.00375644
0.00377172
0.00378736
0.00380335
0.0038197
0.00383641
0.00385348
0.00387091
0.00388871
0.00390687
0.0039254
0.0039443
0.00396357
0.00398321
0.00400323
0.00402362
0.0040444
0.00406555
0.00408709
0.00410902
0.00413133
0.00415403
0.00417713
0.00420062
0.00422451
0.00424879
0.00427348
0.00429858
0.00432408
0.00434999
0.00437632
0.00440306
0.00443022
0.00445781
0.00448581
0.00451425
0.00454311
0.00457241
0.00460215
0.00463233
0.00466296
0.00469403
0.00472555
0.00475753
0.00478996
0.00482286
0.00485622
0.00489006
0.00492437
0.00495915
0.00499442
0.00503018
0.00506643
0.00510317
0.00514041
0.00517816
0.00521641
0.00525518
0.00529447
0.00533428
0.00537463
0.0054155
0.00545692
0.00549888
0.00554139
0.00558445
0.00562808
0.00567228
0.00571704
0.00576239
0.00580833
0.00585486
0.00590198
0.00594971
0.00599806
0.00604702
0.00609661
0.00614684
0.0061977
0.00624921
0.00630138
0.00635422
0.00640772
0.00646191
0.00651679
0.00657236
0.00662864
0.00668563
0.00674335
0.0068018
0.006861
0.00692095
0.00698166
0.00704314
0.00710541
0.00716848
0.00723235
0.00729704
0.00736255
0.00742891
0.00749612
0.00756419
0.00763314
0.00770299
0.00777373
0.00784539
0.00791799
0.00799153
0.00806603
0.0081415
0.00821797
0.00829544
0.00837394
0.00845347
0.00853406
0.00861573
0.00869849
0.00878235
0.00886735
0.00895349
0.00904081
0.00912931
0.00921902
0.00930996
0.00940216
0.00949563
0.00959041
0.00968651
0.00978396
0.00988278
0.00998301
0.0100847
0.0101878
0.0102924
0.0103985
0.0105061
0.0106154
0.0107262
0.0108387
0.0109529
0.0110687
0.0111864
0.0113058
0.011427
0.0115501
0.0116751
0.0118021
0.0119311
0.0120621
0.0121952
0.0123305
0.0124679
0.0126076
0.0127496
0.0128939
0.0130407
0.01319
0.0133417
0.0134962
0.0136532
0.0138131
0.0139757
0.0141413
0.0143098
0.0144814
0.0146562
0.0148342
0.0150156
0.0152004
0.0153887
0.0155807
0.0157764
0.0159761
0.0161797
0.0163875
0.0165995
0.016816
0.017037
0.0172627
0.0174933
0.0177289
0.0179698
0.0182161
0.018468
0.0187257
0.0189895
0.0192596
0.0195362
0.0198196
0.0201101
0.0204079
0.0207134
0.0210269
0.0213487
0.0216792
0.0220189
0.0223681
0.0227272
0.0230968
0.0234774
0.0238694
0.0242735
0.0246903
0.0251205
0.0255648
0.0260238
0.0264986
0.0269899
0.0274987
0.0280261
0.0285731
0.029141
0.029731
0.0303446
0.0309834
0.0316489
0.032343
0.0330676
0.0338249
0.0346172
0.0354469
0.0363168
0.0372298
0.0381891
0.039198
0.0402601
0.0413792
0.0425593
0.0438043
0.0451182
0.0465047
0.0479667
0.0495065
0.0511242
0.0528174
0.0545796
0.0563979
0.0582507
0.0601035
0.0619049
0.0635814
0.0650336
0.0661367
0.0667502
0.0667475
0.0660702
0.0648027
0.0632319
0.061821
0.0610588
0.0612629
0.0625094
0.0647239
0.0677563
0.0713639
0.0752668
0.0793233
0.0835789
0.0880523
0.0924987
0.0964331
0.0993722
0.101048
0.101476
0.100937
0.0999518
0.0992018
0.0993357
0.100658
0.102908
0.105347
0.10711
0.107533
0.106327
0.103649
0.100169
0.0970246
0.0954956
0.0964109
0.0997738
0.10493
0.110978
0.117049
0.122457
0.126827
0.1301
0.132439
0.134085
0.135261
0.136126
0.136762
0.137181
0.137338
0.137158
0.136575
0.135582
0.134306
0.133045
0.132242
0.132367
0.133769
0.136607
0.140841
0.146179
0.152021
0.157568
0.162106
0.165285
0.167205
0.16834
0.169284
0.170403
0.171558
0.172166
0.171673
0.1701
0.168303
0.167728
0.169699
0.174627
0.181685
0.189196
0.195453
0.199487
0.201465
0.202537
0.204128
0.207042
0.211119
0.21568
0.22012
0.224085
0.227362
0.229741
0.230959
0.230763
0.229088
0.22624
0.222886
0.219786
0.217396
0.215687
0.214371
0.213375
0.213126
0.21439
0.217719
0.222972
0.229312
0.235672
0.241286
0.245875
0.249459
0.252086
0.253739
0.254409
0.25419
0.2533
0.25205
0.250837
0.250145
0.250466
0.252082
0.254845
0.258187
0.261417
0.264044
0.265927
0.267209
0.268147
0.268905
0.269374
0.269084
0.2673
0.263377
0.257353
0.250616
0.245932
0.246003
0.251385
0.260222
0.27005
0.279443
0.288515
0.298224
0.30881
0.319051
0.327316
0.332829
0.335831
0.337062
0.337324
0.337299
0.337495
0.33828
0.339954
0.342817
0.347163
0.353152
0.360634
0.369106
0.377863
0.386223
0.393656
0.399768
0.404209
0.406581
0.406433
0.40336
0.397251
0.388673
0.379208
0.371336
0.36756
0.369296
0.376708
0.38938
0.406225
0.424613
0.440852
0.452113
0.457535
0.457899
0.454944
0.450872
0.447868
0.447465
0.45004
0.454825
0.4605
0.465975
0.470788
0.474872
0.478066
0.479935
0.479962
0.477779
0.473242
0.466545
0.45869
0.452211
0.450909
0.45701
0.468196
0.479497
0.487616
0.492037
0.49369
0.493844
0.493646
0.493889
0.494925
0.496761
0.499142
0.501521
0.503144
0.503474
0.502816
0.502625
0.504905
0.510693
0.518948
0.527228
0.53335
0.536254
0.53587
0.532869
0.528583
0.524652
0.522188
0.521206
0.521056
0.521423
0.522835
0.526279
0.532152
0.539348
0.545576
0.548668
0.547574
0.542589
0.535139
0.527124
0.51968
0.51257
0.506065
0.50417
0.512838
0.531086
0.549957
0.563115
0.57035
0.573439
0.573548
0.571138
0.566548
0.560617
0.555241
0.553264
0.556797
0.565015
0.574574
0.582429
0.587368
0.589461
0.589116
0.586652
0.582333
0.57668
0.570869
0.566743
0.565877
0.568119
0.571444
0.573618
0.57369
0.572063
0.569814
0.568061
0.567563
0.568566
0.570872
0.574031
0.577521
0.580843
0.583573
0.585396
0.586132
0.585752
0.584363
0.582193
0.579557
0.576821
0.57435
0.572448
0.571295
0.570897
0.571081
0.571537
0.57192
0.571951
0.571511
0.570695
0.569811
0.569285
0.56946
0.570388
0.571794
0.573281
0.574611
0.575839
0.577214
0.578951
0.581061
0.583339
0.585488
0.587247
0.588444
0.588986
0.588842
0.588049
0.586749
0.585221
0.583855
0.583035
0.582962
0.583532
0.58438
0.585065
0.585233
0.584674
0.583299
0.581163
0.578676
0.576883
0.577254
0.580513
0.585514
0.589934
0.592244
0.592733
0.592966
0.594483
0.597698
0.601815
0.6057
0.608673
0.610643
0.61184
0.612548
0.612971
0.613208
0.613274
0.613139
0.612754
0.612084
0.611132
0.609963
0.608741
0.607756
0.607404
0.608056
0.60984
0.612456
0.615237
0.617496
0.618949
0.619931
0.621215
0.6234
0.62631
0.629039
0.630698
0.631102
0.63075
0.630211
0.629601
0.628868
0.628676
0.630643
0.636055
0.6443
0.653223
0.660926
0.666712
0.670736
0.673385
0.674984
0.67577
0.675972
0.675863
0.675744
0.675862
0.676292
0.676895
0.677431
0.677832
0.678448
0.679993
0.68304
0.687318
0.691554
0.694227
0.69471
0.693951
0.694022
0.696418
0.700581
0.704519
0.706693
0.706904
0.706004
0.705301
0.706054
0.709088
0.714477
0.72127
0.727639
0.73169
0.732327
0.729508
0.724002
0.7171
0.710518
0.706358
0.706722
0.712797
0.723914
0.737402
0.749766
0.758472
0.762613
0.762224
0.75741
0.748233
0.735861
0.724714
0.722052
0.730503
0.742873
0.750771
0.75236
0.750172
0.747479
0.746694
0.748622
0.752412
0.756466
0.75946
0.760672
0.75989
0.757415
0.754106
0.751166
0.749528
0.749305
0.749832
0.750245
0.749957
0.748755
0.74671
0.744079
0.741231
0.738581
0.736508
0.73523
0.734706
0.734712
0.735186
0.73655
0.73947
0.744096
0.749635
0.754817
0.758642
0.760605
0.760361
0.757243
0.749957
0.737038
0.719608
0.706912
0.714
0.739879
0.764966
0.779054
0.784727
0.786331
0.786227
0.78527
0.783623
0.781204
0.777899
0.773673
0.768656
0.763183
0.757719
0.752704
0.748495
0.745595
0.744765
0.746527
0.750529
0.755768
0.76136
0.766725
0.771333
0.774686
0.776514
0.776834
0.775838
0.773747
0.770733
0.766936
0.762545
0.757909
0.753606
0.750339
0.748615
0.7484
0.7491
0.749942
0.750404
0.750368
0.750009
0.74959
0.749325
0.749319
0.749571
0.74999
0.750418
0.750657
0.750503
0.74979
0.748437
0.746497
0.744195
0.741936
0.74023
0.739535
0.740056
0.741658
0.743944
0.746436
0.748709
0.750448
0.751434
0.751527
0.750653
0.74879
0.745946
0.742124
0.737378
0.732121
0.727688
0.726427
0.730269
0.738546
0.748165
0.756196
0.761435
0.763995
0.764497
0.763713
0.762509
0.761787
0.762257
0.764155
0.767142
0.770563
0.773811
0.776553
0.778717
0.780376
0.781638
0.782587
0.783256
0.783628
0.783649
0.783247
0.782382
0.781109
0.779661
0.778478
0.778117
0.778969
0.780957
0.783467
0.785597
0.786507
0.785646
0.782873
0.778672
0.774449
0.772456
0.774567
0.780461
0.787545
0.793057
0.795724
0.795697
0.793813
0.79109
0.788506
0.786897
0.78684
0.788461
0.791323
0.794566
0.797303
0.798967
0.799403
0.798742
0.797242
0.795172
0.792759
0.790174
0.787544
0.784953
0.782462
0.780111
0.777926
0.775925
0.77412
0.772517
0.771115
0.769911
0.768896
0.768052
0.767358
0.766782
0.766284
0.765818
0.765334
0.76479
0.764162
0.763461
0.762739
0.76208
0.761547
0.761131
0.760726
0.760218
0.759698
0.759634
0.760746
0.763472
0.767429
0.771521
0.774635
0.776219
0.776359
0.775552
0.77443
0.773548
0.773257
0.773658
0.774623
0.775827
0.776782
0.776911
0.775695
0.77285
0.768477
0.763158
0.758158
0.755774
0.758738
0.767648
0.779334
0.789572
0.796382
0.800023
0.801502
0.801684
0.801115
0.800089
0.798744
0.797107
0.795114
0.79263
0.789502
0.785662
0.781304
0.777069
0.774019
0.77318
0.7748
0.778048
0.781575
0.784336
0.785907
0.786314
0.785775
0.784553
0.782928
0.781206
0.779715
0.778736
0.7784
0.778624
0.779135
0.779581
0.779655
0.779163
0.778044
0.77636
0.77429
0.772122
0.770213
0.768903
0.768385
0.76862
0.769353
0.770246
0.77101
0.77148
0.771611
0.77144
0.771036
